4294967279,569
4294967278,348
4294967279,229
4294967278,228
4294967279,364
4294967278,226
4294967294,30
4294967294,1167
4294967294,1166
4294967294,1164
4294967294,1163
4294967294,1158
4294967294,1019
4294967294,992
4294967294,990
4294967294,989
4294967294,988
4294967294,987
4294967294,60
4294967278,224
4294967294,1094
4294967294,1093
4294967294,1089
4294967294,1015
4294967294,1014
4294967294,1013
4294967294,1008
4294967294,1006
4294967294,1002
4294967294,999
4294967294,998
4294967294,996
4294967294,995
4294967294,401
4294967294,182
4294967294,176
4294967294,173
4294967294,170
4294967294,163
4294967294,161
4294967278,222
4294967294,12
4294967279,220
4294967278,215
4294967279,328
4294967279,348
4294967278,132
4294967278,131
4294967278,130
4294967278,127
4294967278,174
4294967278,123
4294967278,122
4294967278,121
4294967278,119
4294967278,118
4294967278,112
4294967278,111
4294967278,313
4294967278,373
4294967278,406
4294967278,62
4294967278,61
4294967278,59
4294967279,174
4294967279,87
4294967279,352
4294967279,82
4294967279,77
4294967279,76
4294967279,349
4294967279,73
4294967279,554
4294967279,68
4294967279,63
4294967279,62
4294967279,61
4294967279,59
4294967279,54
4294967279,49
4294967279,40
4294967279,32
4294967279,30
4294967279,29
4294967279,26
4294967279,24
4294967279,18
4294967279,15
4294967279,12
4294967279,11
4294967279,10
4294967279,274
4294967278,241
4294967279,338
4294967279,207
4294967279,189
4294967278,181
4294967278,178
4294967279,177
4294967278,171
4294967279,170
4294967279,164
4294967279,154
4294967279,150
4294967279,148
4294967279,139
4294967279,133
4294967279,283
4294967279,277
4294967279,262
4294967279,541
4294967279,248
4294967278,244
4294967279,237
4294967279,227
4294967279,215
4294967279,211
4294967278,210
4294967279,209
4294967279,179
4294967278,173
4294967278,172
4294967279,172
4294967279,171
4294967278,170
4294967279,169
4294967279,168
4294967278,167
4294967279,166
4294967279,165
4294967279,163
4294967279,162
4294967279,160
4294967279,157
4294967279,155
4294967279,153
4294967279,151
4294967279,147
4294967279,141
4294967279,140
4294967279,138
4294967279,272
4294967279,271
4294967279,270
4294967279,279
4294967279,282
4294967279,263
4294967279,275
4294967279,258
4294967279,257
4294967279,281
4294967278,417
225,5
4294967279,318
225,4
4294967278,318
225,3
225,2
225,1
4294967278,346
4294967279,363
4294967278,249
4294967279,313
4294967278,416
4294967279,246
4294967279,243
4294967278,242
4294967278,236
223,7
223,6
223,5
223,4
223,3
223,2
223,1
4294967278,405
4294967278,399
4294967279,228
4294967278,227
4294967279,225
4294967279,362
4294967278,225
4294967279,223
4294967294,162
4294967294,1012
4294967294,1009
4294967279,221
4294967279,560
4294967278,221
4294967279,219
4294967278,404
4294967279,312
4294967279,311
4294967278,365
4294967279,558
4294967294,1421
4294967279,208
4294967279,206
4294967279,205
4294967279,347
4294967279,204
4294967279,203
4294967278,361
4294967279,556
4294967278,360
4294967278,415
4294967279,305
219,5
219,4
219,3
219,2
219,1
217,5
217,4
217,3
217,2
217,1
4294967294,413
4294967294,420
4294967294,168
4294967294,414
4294967294,451
4294967294,410
4294967294,405
4294967294,404
4294967294,449
215,6
4294967279,324
215,5
215,4
215,3
215,2
215,1
4294967278,377
4294967294,1422
4294967279,526
214,5
214,4
214,3
214,2
214,1
4294967294,89
4294967294,1007
4294967294,1092
4294967294,1090
4294967294,185
4294967294,997
213,5
213,4
213,3
213,2
213,1
4294967278,414
4294967279,521
212,5
212,4
212,3
212,2
212,1
4294967278,137
4294967279,320
210,4
210,3
210,2
210,1
4294967278,271
4294967279,543
4294967294,390
4294967294,424
4294967278,413
4294967279,276
4294967278,280
4294967279,259
4294967278,393
4294967279,542
4294967294,389
4294967294,115
4294967294,120
4294967278,366
4294967278,324
4294967278,126
4294967278,125
4294967278,124
4294967278,120
4294967278,117
4294967278,340
4294967278,374
4294967278,309
4294967278,337
4294967278,390
4294967278,332
4294967278,260
4294967279,346
4294967279,334
4294967279,345
4294967279,555
4294967279,299
4294967279,325
4294967279,336
4294967279,331
4294967279,290
4294967279,21
4294967279,16
4294967279,14
4294967279,8
4294967278,128
4294967279,252
4294967279,184
4294967279,176
4294967278,161
4294967278,149
4294967279,515
4294967279,213
4294967278,155
4294967278,152
4294967278,295
4294967279,547
4294967278,294
4294967278,412
4294967279,333
4294967278,394
4294967279,34
4294967279,145
4294967279,524
4294967279,144
209,5
209,4
209,3
209,2
209,1
4294967278,411
4294967294,107
4294967279,361
4294967278,410
4294967279,23
4294967278,289
4294967279,22
4294967279,284
4294967294,1095
4294967278,388
4294967294,1000
4294967294,1001
4294967294,186
4294967294,1175
4294967279,544
207,7
207,6
207,5
207,4
207,2
207,1
4294967278,351
4294967294,99
4294967294,76
4294967278,282
4294967294,393
4294967279,565
4294967278,266
4294967279,360
4294967279,359
4294967278,381
4294967294,46
4294967279,539
4294967278,368
4294967279,253
4294967279,323
0,7
4294967294,0
4294967294,396
4294967294,407
4294967294,167
4294967294,415
4294967294,118
4294967294,119
4294967294,2
4294967294,29
4294967278,322
4294967279,322
4294967279,278
4294967279,260
4294967278,129
4294967278,256
4294967279,562
4294967294,38
4294967294,37
4294967294,36
4294967294,39
4294967294,45
4294967294,427
4294967294,44
4294967294,53
4294967294,1174
4294967294,419
4294967294,1173
4294967294,1017
4294967294,28
4294967294,1018
4294967294,91
4294967294,90
4294967294,87
4294967294,86
4294967294,85
4294967294,84
4294967294,1101
4294967278,380
4294967279,358
4294967279,250
4294967279,314
4294967294,40
4294967279,247
4294967294,41
4294967278,379
4294967279,240
4294967294,22
4294967278,239
4294967279,222
